NewText File
Time   |  1700  |  1713   |   1714
03 : 45|   72    | 0    |    0
03 : 45|   72    | 0    |    0
03 : 45|   72    | 0    |    0
03 : 45|   72    | 0    |    0
03 : 45|   72    | 85    |    0
03 : 45|   72    | 85    |    0
03 : 45|   72    | 85    |    0
03 : 45|   72    | 85    |    0
03 : 45|   72    | 85    |    0
03 : 45|   72    | 85    |    0
03 : 45|   72    | 85    |    0
03 : 45|   72    | 85    |    0
03 : 45|   72    | 85    |    0
03 : 45|   72    | 85    |    0
03 : 45|   72    | 85    |    0
03 : 45|   72    | 85    |    0
03 : 45|   72    | 85    |    0
03 : 45|   72    | 85    |    0
03 : 45|   72    | 85    |    0
03 : 45|   72    | 85    |    0
03 : 45|   72    | 85    |    0
03 : 45|   72    | 85    |    0
03 : 45|   72    | 85    |    0
03 : 45|   72    | 85    |    0
03 : 45|   72    | 85    |    0
03 : 45|   72    | 85    |    0
03 : 45|   72    | 85    |    0
03 : 45|   72    | 85    |    0
03 : 45|   72    | 85    |    0
03 : 45|   72    | 85    |    0
03 : 45|   72    | 85    |    0
03 : 45|   72    | 85    |    0
03 : 45|   72    | 85    |    0
03 : 46|   72    | 85    |    0
03 : 46|   72    | 85    |    0
03 : 46|   72    | 85    |    0
03 : 46|   72    | 85    |    0
03 : 46|   72    | 85    |    0
03 : 46|   72    | 85    |    0
03 : 46|   72    | 85    |    0
03 : 46|   72    | 85    |    0
03 : 46|   72    | 85    |    0
03 : 46|   72    | 85    |    0
03 : 46|   72    | 85    |    0
03 : 46|   72    | 85    |    0
03 : 46|   72    | 85    |    0
03 : 46|   72    | 85    |    0
03 : 46|   72    | 85    |    0
03 : 46|   72    | 85    |    0
03 : 46|   72    | 85    |    0
03 : 46|   72    | 85    |    0
03 : 46|   72    | 85    |    0
03 : 46|   72    | 85    |    0
03 : 46|   72    | 85    |    0
03 : 46|   72    | 85    |    0
03 : 46|   72    | 85    |    0
03 : 46|   72    | 85    |    0
03 : 46|   72    | 85    |    0
03 : 46|   72    | 85    |    0
03 : 46|   72    | 85    |    0
03 : 46|   72    | 85    |    0
03 : 46|   72    | 85    |    0
03 : 46|   72    | 85    |    0
03 : 46|   72    | 85    |    0
03 : 46|   72    | 85    |    0
03 : 46|   72    | 85    |    0
03 : 46|   72    | 85    |    0
03 : 46|   72    | 85    |    0
03 : 46|   72    | 85    |    0
03 : 46|   72    | 85    |    0
03 : 46|   72    | 85    |    0
03 : 46|   72    | 85    |    0
03 : 46|   72    | 85    |    0
03 : 46|   72    | 85    |    0
03 : 46|   72    | 85    |    0
03 : 46|   72    | 85    |    0
03 : 46|   72    | 85    |    0
03 : 46|   72    | 85    |    0
03 : 46|   72    | 85    |    0
03 : 46|   72    | 85    |    0
03 : 46|   72    | 85    |    0
03 : 46|   72    | 85    |    0
03 : 46|   72    | 85    |    0
03 : 46|   72    | 85    |    0
03 : 46|   72    | 85    |    0
03 : 46|   72    | 85    |    0
03 : 46|   72    | 85    |    0
03 : 46|   72    | 85    |    0
03 : 46|   72    | 85    |    0
03 : 46|   72    | 85    |    0
03 : 46|   72    | 85    |    0
03 : 46|   72    | 85    |    0
03 : 46|   72    | 85    |    0
03 : 46|   72    | 85    |    0
03 : 46|   72    | 85    |    0
03 : 46|   72    | 85    |    0
03 : 46|   72    | 85    |    0
03 : 46|   72    | 85    |    0
03 : 46|   72    | 85    |    0
03 : 46|   72    | 85    |    0
